Alt    Üst    Orta   Frekans Göreli frekans
2.85   2.95   2.9   1   0.01   
2.96   3.06   3.01   2   0.02   
3.07   3.17   3.12   11   0.09   
3.18   3.28   3.23   18   0.15   
3.29   3.39   3.34   22   0.18   
3.4   3.5   3.45   24   0.2   
3.51   3.61   3.56   14   0.12   
3.62   3.72   3.67   8   0.07   
3.73   3.83   3.78   5   0.04   
3.84   3.94   3.89   4   0.03   

Ortalama       = 3.4027500000000024
Mod            = 3.40
Medyan         = 3.4
Varyans        = 0.043041604166666685
Standart Sapma = 0.20746470583370724